1 4366
1 4823
1 6013
1 6782
1 9768
1 9870
1 10800
1 10803
1 11076
1 12092
1 12276
1 12383
1 12506
1 12995
1 13040
1 13340
1 13591
1 13631
1 13641
1 13699
1 13702
1 14168
1 14185
1 14220
1 14856
1 15161
1 15353
1 15670
1 16227
1 16232
1 16234
1 16243
1 17209
1 17491
1 17566
1 17588
1 17612
1 17708
1 17767
1 18016
1 18216
1 18242
4 799
4 800
9 15
9 6007
10 24
10 1198
15 24
18 19
18 117
19 10803
19 13076
19 15914
19 17588
20 21
20 24
21 18177
23 24
23 439
23 4731
24 25
24 112
24 306
24 377
24 493
24 516
24 570
24 709
24 735
24 764
24 801
24 824
24 950
24 1031
24 1036
24 1056
24 1089
24 1092
24 1103
24 1166
24 1269
24 1433
24 1440
24 1592
24 1596
24 1648
24 1721
24 1734
24 1822
24 1894
24 2022
24 2117
24 2157
24 2322
24 2370
24 2417
24 2636
24 2642
24 2691
24 2724
24 2744
24 2790
24 2889
24 3058
24 3300
24 3439
24 3516
24 3536
24 3710
24 3715
24 3897
24 3902
24 3952
24 4041
24 4160
24 4239
24 4319
24 4326
24 4374
24 4409
24 4416
24 4432
24 4498
24 4594
24 4604
24 4666
24 4722
24 4775
24 4811
24 4823
24 4843
24 5066
24 5139
24 5158
24 5206
24 5237
24 5253
24 5312
24 5351
24 5394
24 5480
24 5485
24 5714
24 5736
24 6013
24 6017
24 6166
24 6247
24 6256
24 6280
24 6314
24 6321
24 6479
24 6550
24 6794
24 6856
24 6994
24 7007
24 7060
24 7111
24 7275
24 7293
24 7342
24 7353
24 7466
24 7538
24 7552
24 7636
24 7679
24 7751
24 7999
24 8086
24 8194
24 8235
24 8291
24 8453
24 8460
24 8518
24 8585
24 8767
24 8787
24 8846
24 8956
24 9022
24 9064
24 9195
24 9198
24 9234
24 9282
24 9378
24 9408
24 9517
24 9571
24 9577
24 9616
24 9726
24 9876
24 9987
24 10171
24 10275
24 10406
24 10505
24 10725
24 10794
24 10809
24 10814
24 10892
24 10976
24 10977
24 11005
24 11113
24 11123
24 11191
24 11198
24 11260
24 11301
24 11311
24 11387
24 11391
24 11449
24 11452
24 11483
24 11493
24 11496
24 11519
24 11648
24 11806
24 11859
24 11899
24 11926
24 12004
24 12090
24 12135
24 12138
24 12140
24 12180
24 12251
24 12263
24 12266
24 12297
24 12336
24 12366
24 12424
24 12452
24 12487
24 12533
24 12574
24 12616
24 12689
24 12775
24 12796
24 12830
24 12863
24 12882
24 12908
24 12915
24 12940
24 13006
24 13011
24 13061
24 13099
24 13181
24 13272
24 13340
24 13604
24 13650
24 13702
24 13763
24 13807
24 13848
24 13861
24 13879
24 13882
24 13916
24 13919
24 13921
24 13936
24 13950
24 13973
24 13977
24 14045
24 14104
24 14139
24 14150
24 14173
24 14207
24 14220
24 14260
24 14274
24 14283
24 14445
24 14459
24 14489
24 14536
24 14563
24 14589
24 14598
24 14607
24 14660
24 14678
24 14687
24 14715
24 14719
24 14734
24 14752
24 14785
24 14857
24 14873
24 14881
24 14895
24 14943
24 14988
24 15010
24 15012
24 15104
24 15111
24 15120
24 15143
24 15162
24 15212
24 15221
24 15267
24 15305
24 15330
24 15344
24 15511
24 15522
24 15523
24 15539
24 15590
24 15593
24 15599
24 15601
24 15608
24 15687
24 15778
24 15812
24 15856
24 15881
24 15891
24 15920
24 15980
24 16236
24 16253
24 16349
24 16409
24 16426
24 16446
24 16455
24 16527
24 16551
24 16589
24 16626
24 16693
24 16699
24 16800
24 16861
24 16863
24 16914
24 16915
24 16969
24 16987
24 16988
24 17124
24 17134
24 17183
24 17205
24 17206
24 17229
24 17243
24 17244
24 17271
24 17292
24 17355
24 17400
24 17411
24 17422
24 17472
24 17496
24 17534
24 17568
24 17625
24 17642
24 17700
24 17706
24 17711
24 17738
24 17783
24 17788
24 17847
24 17871
24 17950
24 17965
24 17983
24 18018
24 18051
24 18090
24 18144
24 18162
24 18169
24 18177
24 18239
24 18242
24 18274
24 18355
24 18541
25 251
25 579
25 1035
32 7117
32 8870
32 12286
32 17072
35 36
35 150
35 211
35 307
35 317
35 673
36 377
36 1215
36 1219
36 1543
36 2573
36 3555
36 5413
36 5814
36 6550
36 7358
36 8461
36 8642
36 9791
36 9914
36 10820
36 10941
36 12073
36 12089
36 14091
36 15204
36 15754
36 16248
36 16357
36 16664
44 580
44 4070
44 7466
44 7487
44 7999
44 9322
44 9571
44 9638
44 10171
44 10814
44 13113
51 52
51 106
52 2204
52 9085
55 5817
55 7763
55 14099
58 59
58 60
59 3439
59 3700
59 17607
60 899
60 922
60 1145
60 2120
60 2141
60 2220
60 2475
60 2522
60 2538
60 4140
60 4504
60 5653
60 5833
60 6302
60 7145
60 7318
60 8517
60 9452
60 9600
60 9616
60 9657
60 9731
60 9919
60 12301
60 15171
60 16915
63 459
63 508
63 551
63 813
63 841
63 1098
63 2613
63 4722
63 4791
63 6660
63 7357
63 7457
63 7462
63 7886
63 7898
63 8674
63 8805
63 9259
63 9317
63 9529
63 10003
63 14499
66 222
66 355
66 1145
66 1573
66 1612
66 1696
66 2990
66 3071
66 3164
66 3732
66 4719
66 4740
66 4951
66 5066
66 5112
66 5206
66 5241
66 5484
66 6300
66 6325
66 6582
66 6664
66 7466
66 7636
66 8263
66 8364
66 8616
66 8917
66 9327
66 9638
66 10087
66 10170
66 12974
74 89
74 114
74 238
74 295
74 382
74 637
74 684
74 801
74 909
74 1031
74 1045
74 1145
74 1190
74 1271
74 1402
74 1417
74 1644
74 1729
74 1801
74 1816
74 2087
74 2119
74 2239
74 2248
74 2360
74 2613
74 2790
74 2968
74 3087
74 3107
74 3109
74 3167
74 3443
74 3618
74 3737
74 3804
74 3811
74 3902
74 3971
74 3988
74 4034
74 4055
74 4160
74 4228
74 4409
74 4417
74 4464
74 4504
74 4594
74 4666
74 4675
74 4719
74 4722
74 4775
74 4983
74 5112
74 5139
74 5233
74 5241
74 5469
74 5490
74 5539
74 5565
74 5582
74 5736
74 6140
74 6166
74 6247
74 6445
74 6664
74 6915
74 7078
74 7143
74 7196
74 7466
74 7538
74 7616
74 7845
74 8227
74 8394
74 8460
74 8806
74 8947
74 9053
74 9202
74 9308
74 9317
74 9408
74 9452
74 9538
74 10041
74 11543
74 11648
74 11718
74 12802
74 13148
74 13747
74 13969
74 14261
74 15234
74 15276
74 16870
74 16915
74 17097
78 207
78 1036
78 1271
78 1541
78 1595
78 1638
78 1894
78 1902
78 2440
78 3827
78 3905
78 4221
78 4622
78 4996
78 5469
78 6762
78 7007
78 7323
78 7466
78 7524
78 7568
78 7664
78 8121
78 8234
78 8591
78 8870
78 9309
78 9459
78 9477
78 10041
78 11991
78 12337
78 12390
78 12974
78 13773
78 14708
78 15310
78 15320
78 15885
78 16268
78 16406
78 16449
78 17210
78 17488
78 17682
78 18146
80 641
80 3618
80 5582
80 6958
80 18018
82 1215
82 5714
82 6546
82 6664
82 12286
83 84
83 600
83 1444
84 6655
86 114
86 1145
86 1704
86 2206
86 2368
86 2990
86 3167
86 3288
86 4719
86 5066
86 5110
86 5169
86 6040
86 6771
86 6930
86 8348
86 9051
86 9327
86 10111
86 10170
86 11718
86 12135
86 14828
86 15104
86 18175
88 429
88 960
88 1193
88 2115
88 2506
88 2889
88 3067
88 3626
88 4460
88 4498
88 4866
88 5147
88 5363
88 5380
88 5455
88 5474
88 5512
88 5752
88 6377
88 6762
88 7380
88 7897
88 7917
88 7979
88 8887
88 9130
88 11605
88 11762
88 12155
88 14070
88 15389
88 18321
89 90
89 91
89 92
89 93
89 94
89 96
89 97
89 99
89 100
89 101
89 102
89 103
90 899
90 919
90 3197
90 4569
90 5353
90 6637
90 10078
90 10111
90 10916
91 2538
91 2541
91 3309
91 3905
91 5233
91 7303
91 9258
91 9657
91 9690
91 10041
91 17642
92 260
92 1908
92 2120
92 2239
92 2968
92 3117
92 3266
92 4609
92 4776
92 5066
92 6073
92 7464
92 7694
92 7767
92 8109
92 8461
92 8551
92 8642
92 8892
92 9392
92 9657
92 10041
92 11369
92 11927
92 12184
92 16376
92 16798
93 260
93 4558
93 4776
93 5204
93 5485
93 7376
93 7767
93 7781
93 9006
93 9690
93 10041
93 12248
93 12337
94 1802
94 6603
96 284
96 418
96 587
96 744
96 1355
96 3626
96 6994
96 8892
96 9025
96 9528
96 10111
96 11439
96 14809
96 15445
96 15599
97 207
97 1257
97 1402
97 1919
97 1936
97 3221
97 4134
97 4498
97 6350
97 7034
97 7318
97 10146
97 18321
99 6762
99 6994
100 284
100 523
100 974
100 1145
100 1963
100 2625
100 2707
100 3497
100 4409
100 5447
100 5849
100 6377
100 7197
100 7439
100 7821
100 9025
100 9042
100 9256
100 9282
100 9462
100 9565
100 9796
100 14141
100 14809
101 246
101 1713
101 5413
101 10820
101 10992
101 12200
101 14124
101 15131
101 15296
101 15428
101 16355
101 17352
101 17469
101 17597
102 6762
102 7979
103 3645
103 4277
103 6762
103 7380
103 7715
106 328
106 4160
106 5736
106 9085
112 113
113 764
113 2144
113 4649
113 5206
113 6140
113 8070
113 8634
113 8686
113 9190
113 9195
113 10026
113 11301
113 11393
113 11899
113 12452
113 12487
113 12593
113 12689
113 12863
113 13166
113 13848
113 13916
113 13977
113 14045
113 14881
113 15368
113 16527
113 16915
113 17472
113 17642
113 18018
113 18094
113 18289
117 813
117 1592
117 1721
117 1761
117 2573
117 2929
117 3045
117 3972
117 4318
117 4416
117 5197
117 5312
117 5329
117 5454
117 6005
117 6013
117 6391
117 6712
117 7709
117 7746
117 7769
117 8392
117 8423
117 8701
117 8757
117 8935
117 9117
117 10003
117 11129
117 11449
117 11477
117 11543
117 12090
117 12366
117 12836
117 13284
117 13603
117 13911
117 15237
117 15328
117 15539
117 15885
117 17534
117 17612
117 17682
117 17975
119 218
119 382
119 532
119 566
119 611
119 637
119 661
119 671
119 703
119 735
119 752
119 753
119 764
119 1031
119 1044
119 1089
119 1193
119 1257
119 1271
119 1289
119 1493
119 1578
119 1668
119 2107
119 2119
119 2144
119 2156
119 2220
119 2360
119 2421
119 2650
119 2694
119 2744
119 2757
119 3071
119 3095
119 3162
119 3405
119 3439
119 3536
119 3618
119 3742
119 3797
119 3804
119 3811
119 3896
119 3964
119 3969
119 4220
119 4228
119 4251
119 4344
119 4374
119 4464
119 4510
119 4535
119 4675
119 4740
119 4799
119 4862
119 4984
119 5037
119 5062
119 5154
119 5177
119 5206
119 5233
119 5351
119 5539
119 5691
119 5782
119 6040
119 6050
119 6121
119 6133
119 6302
119 6479
119 6494
119 6534
119 6637
119 6657
119 6771
119 6794
119 7117
119 7143
119 7278
119 7419
119 7462
119 7559
119 7583
119 7679
119 7694
119 7720
119 7980
119 7992
119 8055
119 8202
119 8437
119 8566
119 8803
119 8868
119 8947
119 9309
119 9333
119 9374
119 9991
119 9995
119 10187
119 10275
119 10304
119 10506
119 10528
119 12589
119 12652
119 12768
119 13113
119 13143
119 13205
119 13755
119 14099
119 14308
119 16358
119 17072
119 17977
119 18325
119 18541
119 18570
122 1257
122 4730
122 8121
126 207
126 3946
126 18321
135 1145
135 1855
135 2904
135 4098
135 5066
135 9657
135 17423
139 3299
139 6603
139 8707
139 13848
139 15447
140 141
140 11046
141 447
141 1145
141 1402
141 1977
141 2224
141 4098
141 4417
141 6930
141 13272
141 14987
141 15012
141 16664
141 17423
143 295
143 365
143 1410
143 2368
143 3112
143 4323
143 4424
143 5353
143 6668
143 8998
143 11854
143 12337
148 6212
148 7700
150 1166
150 1722
150 3555
150 7704
150 11005
150 12393
150 12828
150 12836
150 14173
150 15204
150 15771
154 163
154 751
154 1612
154 5033
154 6247
154 6857
154 10502
154 13755
158 4499
158 9333
160 859
160 4014
160 7552
160 9051
160 9374
163 255
163 9066
168 2271
168 2396
168 6077
168 6265
168 6933
168 7356
168 7915
168 9258
168 10041
168 11648
168 15276
168 15412
168 15839
168 16848
168 17292
172 2210
172 3035
172 5623
172 6329
172 17708
176 183
176 753
176 950
176 1351
176 1616
176 2707
176 2893
176 3093
176 3109
176 3164
176 3309
176 4027
176 4098
176 4370
176 4666
176 4719
176 5066
176 5504
176 6723
176 7163
176 7531
176 7979
176 8063
176 8263
176 8364
176 8384
176 8616
176 8803
176 9287
176 9638
176 9672
176 9729
176 10087
176 10167
176 10170
176 13855
176 14070
181 5066
181 13847
181 15679
183 184
183 185
184 1644
184 2120
184 2541
184 6212
184 6247
184 6562
184 8847
184 10041
184 16320
185 1145
185 5066
185 6677
185 7476
185 7905
185 10063
185 10167
185 13701
196 4576
196 5147
196 7256
196 8546
198 587
198 3930
198 4347
198 4997
198 5072
198 5427
198 8175
198 8490
198 9790
198 9948
198 11144
198 15530
198 18393
199 200
199 201
200 295
200 313
200 382
200 508
200 709
200 752
200 753
200 919
200 977
200 1034
200 1166
200 1215
200 1402
200 1440
200 1578
200 1616
200 1696
200 1721
200 1804
200 1816
200 1876
200 2022
200 2107
200 2156
200 2370
200 2440
200 2589
200 2636
200 2707
200 2757
200 2929
200 3177
200 3388
200 3510
200 3676
200 3858
200 4027
200 4041
200 4239
200 4499
200 4510
200 4595
200 4719
200 4823
200 5092
200 5110
200 5312
200 5394
200 6013
200 6016
200 6017
200 6140
200 6298
200 6401
200 6582
200 6590
200 6600
200 6825
200 6855
200 6922
200 7007
200 7141
200 7616
200 7636
200 7664
200 7679
200 7694
200 7849
200 8066
200 8234
200 8348
200 8435
200 8895
200 9053
200 9121
200 9580
200 9594
200 9663
200 9870
200 10275
200 10368
200 10620
200 10725
200 10800
200 10803
200 10972
200 10992
200 11005
200 11071
200 11090
200 11092
200 11191
200 11240
200 11303
200 11313
200 11357
200 11387
200 11428
200 11449
200 11483
200 11519
200 11540
200 11543
200 11548
200 11670
200 11682
200 11747
200 11856
200 11891
200 11919
200 11991
200 12021
200 12028
200 12084
200 12092
200 12159
200 12221
200 12301
200 12336
200 12390
200 12401
200 12472
200 12515
200 12533
200 12579
200 12615
200 12689
200 12750
200 12779
200 12846
200 12900
200 12912
200 12945
200 13029
200 13082
200 13092
200 13093
200 13096
200 13243
200 13282
200 13284
200 13487
200 13505
200 13535
200 13591
200 13627
200 13631
200 13641
200 13763
200 13773
200 13856
200 13861
200 13911
200 13919
200 13921
200 13975
200 14041
200 14045
200 14065
200 14111
200 14152
200 14168
200 14185
200 14208
200 14265
200 14287
200 14337
200 14354
200 14368
200 14457
200 14459
200 14502
200 14505
200 14526
200 14565
200 14602
200 14607
200 14674
200 14687
200 14708
200 14710
200 14733
200 14757
200 14767
200 14768
200 14779
200 14819
200 14881
200 14930
200 14979
200 14993
200 15080
200 15237
200 15240
200 15260
200 15305
200 15310
200 15334
200 15342
200 15344
200 15353
200 15378
200 15413
200 15447
200 15511
200 15512
200 15517
200 15539
200 15571
200 15580
200 15590
200 15636
200 15670
200 15677
200 15802
200 15868
200 15901
200 15948
200 16227
200 16232
200 16244
200 16267
200 16268
200 16305
200 16311
200 16347
200 16374
200 16471
200 16522
200 16549
200 16589
200 16733
200 16798
200 16823
200 16881
200 16940
200 17079
200 17142
200 17168
200 17210
200 17242
200 17243
200 17271
200 17277
200 17308
200 17330
200 17351
200 17355
200 17391
200 17411
200 17446
200 17462
200 17488
200 17491
200 17506
200 17561
200 17577
200 17600
200 17649
200 17660
200 17668
200 17682
200 17711
200 17767
200 17771
200 17836
200 17866
200 17890
200 17918
200 17968
200 17975
200 17981
200 18016
200 18051
200 18241
200 18243
200 18289
200 18338
200 18570
200 18576
201 5126
201 13861
201 15771
201 18094
201 18228
205 1294
205 1331
205 1445
205 2144
205 2625
205 2889
205 3220
205 4011
205 6349
205 6855
205 7821
205 7897
205 9408
205 9462
205 9796
205 11762
205 12155
205 12487
205 12574
205 15837
209 11822
209 11915
209 13779
209 17068
211 214
211 246
211 1722
211 1955
211 2573
211 4160
211 5086
211 5454
211 5717
211 8674
211 8767
211 11144
211 11322
211 11369
211 12015
211 12610
211 14043
211 14173
211 14637
211 14971
211 15271
211 15856
211 16452
211 17411
211 18228
214 215
215 591
215 641
215 1713
215 1722
215 1908
215 8109
215 9914
215 10796
215 12763
215 13158
215 13913
215 15150
215 15744
215 15751
215 15856
215 16355
215 16357
215 16830
215 17597
215 17706
218 219
219 2117
219 6103
219 6637
219 6934
219 7720
219 8055
219 8437
219 9955
219 10406
219 12051
219 13505
219 15299
221 1145
221 1806
221 3626
221 5066
221 5504
221 6097
221 9251
221 9287
221 9638
221 10129
221 13855
221 16467
222 223
223 7017
223 10041
225 4416
225 5237
225 10820
225 14173
225 14904
225 15381
225 16803
226 227
226 229
227 9085
229 315
229 6272
229 8844
229 9085
229 11116
229 11500
229 16424
229 17097
231 232
231 233
232 508
232 752
232 4070
232 4366
232 4495
232 9408
232 9541
232 10003
232 11449
232 12487
232 12894
232 16349
232 18242
233 5206
233 5292
237 11124
237 11807
238 239
239 622
239 1044
239 1135
239 3964
239 4011
239 4032
239 4148
239 4558
239 6934
239 11381
239 13747
239 14279
239 15267
239 16358
245 445
245 960
245 1697
245 2141
245 3219
245 4034
245 4347
245 5273
245 5561
245 5679
245 5868
245 7138
245 8446
245 8542
245 8616
245 9256
245 10012
245 13701
248 851
248 1257
248 4319
248 4722
248 5066
248 5490
248 5782
248 6219
248 6231
248 6930
248 8691
248 12090
248 13061
248 13842
248 14150
248 14777
248 15069
248 15143
248 15491
248 15896
248 16267
248 17625
248 17950
250 251
250 479
250 3155
251 532
251 580
251 1045
251 1100
251 1394
251 1433
251 1721
251 2411
251 3587
251 3827
251 4055
251 6635
251 7390
251 7457
251 7821
251 8548
251 9322
251 9392
251 9775
251 9892
251 9955
251 9995
251 10511
253 4979
253 6272
253 11477
253 11605
253 11896
253 12358
253 14543
253 15325
253 16664
253 16870
253 17206
253 17930
255 581
255 1638
255 2631
255 4056
255 7078
255 9389
255 9818
259 841
259 8767
259 12089
259 15381
262 3183
262 8935
262 11747
262 17491
271 12774
271 12827
274 611
274 3988
274 4344
274 7303
274 8190
274 9310
274 9314
274 9374
274 13969
284 285
284 286
285 2732
285 3737
285 4510
285 6528
285 6771
285 7642
285 9053
285 9308
285 18325
286 11807
286 15824
289 5158
289 8701
290 291
290 292
291 6428
291 8490
292 6560
292 6860
292 6922
292 7119
292 7576
292 8569
292 8573
292 8590
292 8844
292 9049
292 9415
292 9512
292 10113
292 10120
292 10130
292 11500
292 14702
292 15798
292 16484
295 644
295 1063
295 11579
295 12086
297 2137
297 5679
297 7138
297 8392
297 8490
297 8542
297 9459
297 9914
299 1034
299 2650
299 3339
299 3536
299 7956
299 9034
299 9374
299 11402
299 15064
306 307
306 308
307 366
307 429
307 725
307 1056
307 1596
307 1855
307 1955
307 2206
307 2836
307 3087
307 3220
307 3710
307 3815
307 3894
307 4070
307 4823
307 4996
307 5169
307 5352
307 5758
307 5843
307 6003
307 6166
307 6660
307 7196
307 7713
307 8291
307 8956
307 9053
307 9190
307 9541
307 10803
307 11071
307 11232
307 11254
307 11263
307 11369
307 11439
307 11452
307 11493
307 11543
307 11560
307 11692
307 11770
307 11787
307 11806
307 11891
307 11919
307 12025
307 12079
307 12266
307 12276
307 12587
307 12593
307 12940
307 13006
307 13010
307 13092
307 13093
307 13166
307 13213
307 13284
307 13686
307 13884
307 13932
307 13965
307 13973
307 14029
307 14049
307 14137
307 14164
307 14204
307 14217
307 14240
307 14260
307 14272
307 14329
307 14335
307 14368
307 14389
307 14598
307 14656
307 14702
307 14715
307 14779
307 15012
307 15024
307 15111
307 15185
307 15211
307 15221
307 15262
307 15271
307 15319
307 15406
307 15435
307 15460
307 15622
307 15814
307 15889
307 15896
307 16234
307 16390
307 16408
307 16426
307 16446
307 16452
307 16484
307 16620
307 16664
307 16754
307 16797
307 16823
307 16861
307 16978
307 17134
307 17187
307 17194
307 17242
307 17426
307 17446
307 17700
307 17826
307 17915
307 17930
307 18037
307 18202
307 18239
307 18375
308 5965
308 7111
310 7058
310 13024
312 429
312 2541
312 3587
312 3713
312 7017
312 7524
312 8458
312 8965
312 9322
312 9389
312 10855
312 11854
312 16914
312 17642
313 314
314 2335
314 3656
314 14561
314 17341
315 942
317 418
317 11961
317 18393
319 9202
319 9310
325 990
325 994
325 1044
325 1135
325 1190
325 1644
325 2137
325 2882
325 3028
325 3930
325 4102
325 4585
325 4649
325 4729
325 4951
325 5154
325 5223
325 5565
325 8709
325 9091
325 9358
325 9914
325 10026
325 12768
325 15778
325 17341
328 330
330 2204
330 4160
330 7849
330 9071
330 14012
330 14781
330 15012
337 824
337 2625
337 8458
337 8503
337 10041
337 11718
337 15814
337 16962
339 6003
339 9358
343 11060
343 11343
343 12983
343 16357
343 16409
345 377
345 12416
347 3543
347 4776
347 7992
347 9657
347 9969
355 356
355 357
356 919
356 3095
356 4740
356 5572
356 5868
356 6192
356 10078
356 10793
356 10804
356 10992
356 11032
356 11123
356 11157
356 11180
356 11240
356 11309
356 11322
356 11343
356 11506
356 11775
356 11839
356 11915
356 11927
356 11961
356 12167
356 12184
356 12352
356 12424
356 12622
356 12689
356 12836
356 12846
356 12908
356 13054
356 13126
356 13135
356 13223
356 13390
356 13597
356 13779
356 13929
356 14021
356 14049
356 14208
356 14444
356 14524
356 14536
356 14565
356 14720
356 14733
356 14819
356 14945
356 15123
356 15569
356 15751
356 15868
356 16236
356 16355
356 16357
356 16390
356 16408
356 16716
356 16978
356 17179
356 17245
356 17419
356 17597
356 17786
356 17788
356 17849
356 17918
356 18243
356 18299
356 18379
356 18570
357 11569
357 11807
359 1855
359 3109
359 8490
359 16759
362 429
362 1056
362 1145
362 1417
362 4994
362 6097
362 6360
362 7368
362 8606
362 9141
362 14335
362 16962
365 825
366 367
366 368
367 4594
367 9034
367 17607
368 1007
368 1331
368 1533
368 1596
368 1855
368 1919
368 2206
368 2781
368 2927
368 3656
368 3815
368 4160
368 4775
368 4997
368 5197
368 6708
368 6815
368 6856
368 7095
368 7646
368 7675
368 7767
368 8490
368 8767
368 9107
368 9529
368 11325
368 13282
368 13823
368 13911
368 14287
368 15012
368 15221
368 15445
368 15679
368 16244
368 17047
368 17159
368 17244
368 17608
368 17642
368 17783
377 1358
380 3007
380 10914
380 16589
382 604
382 2681
382 3022
382 6221
392 5046
392 6226
392 7539
392 11090
392 12704
392 14543
392 14767
392 15980
392 17682
394 1007
394 1221
394 1722
394 2411
394 3300
394 3523
394 4370
394 4504
394 6590
394 7318
394 7476
394 7980
394 8898
394 14561
394 14828
394 15171
394 17097
398 1221
398 2561
398 3676
398 4102
398 4239
398 6049
398 7058
398 9402
398 9590
401 1160
401 2887
401 3112
401 4790
401 6212
401 6719
403 1145
403 1394
403 2430
403 2893
403 3309
403 3626
403 5066
403 5504
403 7531
403 7905
403 7979
403 9638
403 9726
403 9786
403 13701
403 17610
408 410
408 411
408 412
410 752
410 1729
410 2397
410 3976
410 6719
410 7992
410 8956
410 9517
410 9529
410 9677
410 14599
410 15299
411 1145
411 1417
411 4853
411 5066
411 6948
411 7979
411 8606
411 8642
411 9251
411 9760
411 15679
412 1145
412 1394
412 1417
412 1569
412 3367
412 4730
412 4980
412 5092
412 5447
412 6097
412 6762
412 6948
412 8606
412 9914
412 10041
412 10163
414 751
414 8490
414 8606
414 9071
414 9760
414 10129
414 16508
418 598
418 1111
418 2194
421 730
421 3388
421 3626
421 5703
421 7185
421 7256
421 8190
421 8328
421 8744
429 663
429 910
429 1040
434 2836
434 3020
434 3715
434 5743
434 6133
436 4740
436 6212
436 6265
436 13148
439 5204
439 12601
439 13911
439 17142
439 17642
444 637
444 1721
444 3865
444 4997
444 5072
444 6164
444 6224
444 6349
444 6352
444 6522
444 7845
444 8175
444 8490
444 9289
444 9310
444 9790
444 12104
444 12768
444 15530
444 17566
444 18393
445 446
446 7700
446 9251
446 9760
447 448
448 1977
448 3093
448 5066
448 7539
448 13847
451 2707
451 8437
459 460
459 461
460 1668
460 9387
460 9995
461 5312
469 523
469 591
469 603
469 753
469 960
469 1145
469 1271
469 1541
469 1902
469 1963
469 2186
469 2210
469 2625
469 2694
469 3339
469 3443
469 3497
469 3742
469 4866
469 5040
469 5380
469 5512
469 6237
469 6377
469 6655
469 7293
469 7376
469 7796
469 7979
469 8042
469 9098
469 9130
469 9323
469 9663
469 9768
469 9818
469 10146
469 10157
469 11605
469 11762
469 12155
469 12173
469 15837
479 3676
479 6321
479 7583
479 9402
479 15539
479 17292
491 752
491 1072
491 1596
491 1804
491 1816
491 3676
491 4027
491 6013
491 6668
491 6762
491 6922
491 8705
491 8895
491 9569
491 10803
491 11005
491 11157
491 11240
491 11682
491 11816
491 12159
491 12180
491 12515
491 12945
491 13054
491 13975
491 14065
491 14459
491 14526
491 14757
491 15162
491 15252
491 15342
491 15378
491 15539
491 15622
491 15677
491 16311
491 16881
491 17506
491 18051
491 18241
491 18375
493 494
494 671
494 1822
494 2421
494 2694
494 3896
494 3971
494 6016
494 9529
508 510
508 512
510 2210
512 3716
516 517
516 518
517 559
517 1257
517 1801
517 2587
517 2631
517 3087
517 3221
517 4277
517 5066
517 6586
517 7303
517 8194
517 8202
517 8686
517 9590
517 9760
517 9995
517 10041
517 12487
517 15320
517 15882
518 11683
523 524
523 525
524 1145
524 2428
524 2893
524 4134
524 4194
524 6723
524 6994
524 7992
524 8458
524 14809
525 974
525 1355
525 2186
525 2243
525 2625
525 5048
525 5597
525 5814
525 5821
525 5849
525 6237
525 6528
525 6719
525 6762
525 7197
525 8551
525 9019
525 9256
525 9323
525 10157
525 11854
525 12155
525 13018
525 14227
525 17610
525 18321
532 533
533 1638
533 6192
533 9401
536 10725
536 10893
536 14617
536 15006
536 17983
539 580
539 5233
546 3162
546 8490
546 8767
546 14588
546 15812
548 587
548 1041
548 8573
548 8719
548 9259
548 12015
548 14104
548 18175
551 552
552 1761
552 2521
552 2757
552 4495
552 6231
552 7275
552 7390
552 8805
552 9702
552 10003
552 14660
552 18012
559 560
559 561
560 6904
560 8364
560 10304
560 10505
560 10511
560 12915
561 1041
561 3058
561 6958
566 567
567 5561
567 6103
567 9085
569 4733
569 6200
569 6302
570 571
571 2587
571 3897
571 4510
571 7060
571 10893
571 14680
571 14856
571 15438
571 16800
575 814
575 919
575 1271
575 3626
575 7380
575 8965
575 9594
579 5752
579 9322
579 9638
579 9766
581 2959
598 3194
598 5363
598 7323
598 11369
598 18321
600 1696
600 2243
600 2271
600 2428
600 3194
600 3593
600 4866
600 5037
600 5048
600 5597
600 7151
600 7902
600 8227
600 9006
600 9019
600 9322
600 10143
600 12974
600 15320
600 18321
603 604
603 700
604 1245
604 1925
604 3804
604 5004
604 5053
604 6794
604 13006
615 1533
615 5329
615 6352
615 9766
619 9862
619 11406
619 11702
619 13936
619 13950
619 14137
619 14781
619 16988
619 17330
622 625
625 12140
625 13686
625 18169
637 7175
644 3177
644 4148
644 4432
644 6226
644 15819
646 12200
646 14012
650 919
650 1761
650 1963
650 4740
650 5004
650 5329
650 8965
650 10992
650 11071
650 11309
650 15751
650 15819
650 15881
650 17159
650 18146
655 3071
655 6300
661 662
661 663
661 664
661 665
662 8566
662 10034
663 922
663 4140
663 5653
663 5833
663 6853
663 8614
664 6494
664 7980
664 9220
664 11402
664 13755
665 3536
665 6339
665 7262
665 7874
665 8517
665 8566
665 9731
665 11647
665 12601
665 13332
665 13755
665 14082
665 16451
665 17300
665 18355
673 6762
673 8423
673 8791
673 9019
673 9098
673 9818
673 12235
673 14857
673 15059
673 15173
673 17413
684 686
684 687
684 688
686 14147
686 16803
686 17642
687 11569
687 12763
687 13303
687 13637
687 15428
687 16365
687 16996
687 17413
688 11569
688 14329
688 15173
688 15428
691 692
691 7175
692 1145
692 2506
692 5821
692 7141
692 8328
692 9528
692 12912
692 13029
692 14993
692 16305
692 17079
692 17462
698 1721
698 2289
698 7262
698 7992
698 9220
698 9350
698 9731
698 12337
698 13755
700 2397
700 2707
700 5617
700 7355
700 9677
702 1269
702 5293
702 12704
702 14781
702 15534
702 18144
703 704
704 814
704 1145
704 1282
704 1294
704 3066
704 3913
704 4323
704 5192
704 7715
706 977
706 1145
706 2964
706 6265
706 10041
711 7646
711 8767
711 9107
713 1326
713 8192
713 9190
713 11260
713 16915
713 17642
715 1697
715 1919
715 2115
715 3067
715 3523
715 3626
715 3913
715 4460
715 5192
715 5363
715 5455
715 6350
715 6762
715 6855
715 7318
715 7715
715 8752
715 15389
723 12342
723 18018
725 726
726 3894
726 13024
730 731
731 2397
731 5703
731 7185
731 9859
738 8956
738 13950
738 18037
743 6339
743 8566
743 9215
743 9731
743 13755
743 14082
744 745
745 1294
745 2707
745 9098
745 12616
745 15882
752 942
752 11201
753 754
754 2239
754 3338
754 5206
754 6247
754 8446
754 8998
754 10041
754 12248
754 17642
756 2889
756 5206
756 6339
756 7704
756 17767
758 2691
758 16527
758 16962
758 18012
761 762
761 2158
762 1855
762 5066
762 11537
762 15221
762 16620
762 17866
764 1785
764 2959
792 909
792 1638
792 3020
792 3894
792 5284
792 6282
792 6933
792 7646
792 8384
792 8806
792 9215
792 9657
792 11325
792 11770
792 12104
792 12138
792 14164
792 15395
797 899
797 977
797 1145
797 1623
797 2927
797 2964
797 7664
797 9202
797 9387
797 9690
797 12802
799 12358
799 17285
800 2724
800 3952
800 5110
800 8313
800 8847
800 12167
810 2289
810 3221
810 3536
810 6302
810 7709
810 7720
810 8566
810 9051
810 9310
810 9350
810 11402
810 15963
813 978
817 6445
817 11977
817 14147
817 15856
824 825
825 5549
825 7713
825 7992
825 8707
825 8719
825 10404
825 12601
825 14406
825 15366
825 15491
825 15839
825 17187
841 844
841 846
841 847
841 849
841 850
844 5094
844 7886
846 1493
846 6050
847 1734
847 3299
847 3412
847 4160
847 4417
847 5264
847 9600
847 9803
847 10883
849 2248
850 2636
850 2889
850 7980
850 8767
850 9071
850 10803
850 10883
850 10975
850 12775
850 14499
850 14502
850 15024
850 15161
850 15262
850 16609
851 852
852 7464
852 8234
852 8791
852 9064
852 9791
852 10820
852 11322
852 14173
852 14217
852 16803
852 17252
852 17925
854 10275
854 14082
859 860
860 1245
860 6494
860 11466
860 16508
882 2396
882 3952
882 4979
882 7858
882 8642
882 8898
882 9239
882 14988
882 16320
882 17784
898 1543
898 5066
898 6013
898 12089
898 13823
898 14457
898 14904
898 15381
898 15754
898 15856
898 16664
898 16996
899 902
899 903
902 977
902 1351
902 1417
902 2238
902 3202
902 4569
902 4980
902 5779
902 6212
902 6265
902 7368
902 8273
902 9657
903 2964
903 6212
903 12276
905 1144
905 1271
905 2210
905 3969
905 4129
905 5126
905 7600
905 10142
905 11683
905 12051
905 15212
905 16693
907 4733
907 12652
907 12768
909 910
910 1098
910 1704
910 2370
910 2781
910 4326
910 4347
910 6771
910 8437
910 9051
910 9494
910 11232
910 12486
910 15087
910 15438
919 920
920 1761
920 8705
922 923
923 3162
923 4826
923 9051
923 16424
928 1623
928 2119
928 2239
928 2370
928 2521
928 2893
928 2968
928 4070
928 4776
928 5817
928 6580
928 7151
928 7956
928 8369
928 8892
928 9006
928 9969
928 10041
928 10142
928 12173
928 12337
928 15366
930 960
930 994
930 2335
930 3107
930 3988
930 5223
930 9239
930 9289
930 12870
930 14828
930 17608
942 1145
942 2388
942 2963
942 3162
942 3656
942 4649
942 5066
942 5169
942 5833
942 8235
942 8548
942 8694
942 9532
942 14828
942 16914
942 17423
960 961
960 962
961 974
961 2625
961 3067
961 3497
961 4866
961 5040
961 5089
961 6377
961 6762
961 6855
961 9565
961 9796
961 12155
961 13018
962 1963
962 2625
962 5089
962 6073
962 7197
962 9025
962 15366
962 16376
964 6212
964 6298
974 975
975 7715
975 8546
977 978
978 3139
978 5779
978 10041
990 991
991 15391
1002 1326
1002 6985
1002 8165
1002 11450
1002 17554
1011 1145
1011 1331
1011 3066
1011 8042
1014 2964
1014 9672
1014 9744
1014 13884
1016 7358
1016 8642
1016 14687
1016 15782
1034 1035
1035 2238
1035 3677
1035 9677
1035 10502
1035 10916
1040 1569
1040 2224
1040 2732
1040 3363
1040 3367
1040 3797
1040 6723
1040 9190
1040 9202
1040 9657
1040 9729
1040 10883
1040 14139
1040 15679
1040 16320
1045 1049
1045 1052
1049 1250
1052 7796
1056 1058
1056 1059
1058 6580
1059 1145
1059 6762
1059 11569
1059 12692
1063 4464
1063 7980
1072 1073
1073 3139
1073 6212
1073 6329
1092 1093
1093 4649
1100 1101
1101 4032
1101 14204
1103 1104
1104 2156
1104 3177
1104 3300
1104 5211
1104 7129
1104 8291
1104 8846
1104 9577
1104 11787
1104 11899
1104 11926
1104 12830
1104 12863
1104 13040
1104 13932
1104 13977
1104 14394
1104 14459
1104 15271
1104 15622
1104 16455
1104 16528
1104 16626
1104 16800
1104 17102
1104 17206
1104 17341
1104 17975
1104 18169
1104 18355
1111 1145
1111 2963
1111 5066
1111 7145
1111 9657
1111 12486
1111 14987
1111 15012
1111 16664
1118 1410
1118 1855
1143 1462
1143 6726
1144 1807
1144 9066
1145 1147
1145 1149
1145 1150
1145 1152
1145 1153
1145 1154
1145 1155
1145 1156
1145 1157
1147 3713
1147 5066
1147 8503
1147 8585
1147 8606
1147 9657
1147 10041
1149 2224
1150 1410
1152 2206
1152 5066
1152 6335
1152 9494
1152 13701
1152 15325
1153 9657
1153 13701
1154 8691
1154 9892
1154 14274
1155 5066
1155 5820
1155 9744
1155 10972
1155 14561
1156 10167
1157 3309
1157 3626
1157 5066
1157 6097
1157 7905
1157 9729
1157 9786
1157 10063
1157 15798
1160 1161
1161 6401
1161 9512
1161 9529
1161 11189
1161 11606
1161 11647
1161 13911
1161 14272
1161 14500
1161 14863
1161 15006
1161 17285
1166 3778
1169 6280
1169 8384
1193 12123
1198 1595
1198 1925
1198 2428
1198 2968
1198 3266
1198 3338
1198 4194
1198 4576
1198 4609
1198 5048
1198 5062
1198 5284
1198 5597
1198 5817
1198 6247
1198 7151
1198 7487
1198 7781
1198 8458
1198 9760
1198 9818
1198 12589
1198 14291
1198 15087
1198 15698
1218 1294
1218 7355
1218 9859
1218 11116
1219 1220
1220 3858
1220 9791
1220 12585
1220 12610
1220 12828
1220 14173
1220 14988
1221 1222
1222 3197
1237 1722
1237 10941
1237 11144
1237 12836
1237 14777
1237 15221
1237 16652
1237 16754
1237 17285
1237 18243
1250 1251
1250 1252
1250 1254
1251 6546
1251 9121
1251 15185
1251 15868
1251 15882
1252 11092
1254 1326
1254 2447
1254 4595
1254 7992
1254 8701
1254 12615
1254 14589
1254 15012
1271 1296
1275 13433
1275 16467
1275 16863
1282 1283
1283 5617
1283 6762
1283 9198
1289 1290
1290 7419
1290 11466
1290 15821
1296 1648
1296 3117
1296 6534
1296 7323
1296 12235
1296 17610
1322 2757
1322 4612
1322 6762
1322 9091
1322 9333
1325 1828
1325 8917
1331 1333
1333 9256
1334 1335
1334 1336
1335 3580
1335 3710
1335 12825
1336 3009
1336 4160
1340 8251
1340 16848
1343 2889
1343 4639
1343 6212
1343 7439
1343 8517
1343 9051
1345 5086
1345 8490
1345 8767
1345 9512
1345 9736
1345 10003
1345 15381
1345 16522
1358 5938
1358 10942
1358 12090
1358 14099
1358 17600
1365 3300
1365 5066
1365 5469
1365 7992
1365 8892
1365 14209
1365 15698
1365 17821
1393 7384
1393 8892
1393 10444
1394 1396
1396 5447
1398 3095
1398 18144
1402 7175
1410 2575
1413 2757
1413 5484
1413 18393
1427 6224
1427 9314
1427 9948
1427 12011
1427 16451
1442 1443
1442 1444
1443 4277
1443 13143
1443 17568
1443 18355
1444 4319
1444 5684
1444 6013
1444 8313
1444 9401
1444 9862
1444 10003
1444 11266
1444 12791
1444 12796
1444 13076
1444 14276
1444 14748
1444 14792
1444 15161
1444 16643
1444 17661
1444 17965
1444 17976
1444 18328
1445 1446
1446 2625
1446 4866
1446 7256
1446 8591
1462 1464
1462 1467
1464 6726
1467 6726
1527 8566
1527 9215
1527 10446
1547 1548
1547 1549
1548 3536
1549 2475
1549 3412
1549 10972
1549 15064
1551 6981
1551 9775
1573 1574
1573 11587
1574 6231
1574 11222
1574 13701
1574 14500
1616 1617
1617 3732
1617 9672
1620 6586
1620 9803
1620 12140
1620 12882
1620 15787
1620 17163
1623 1625
1625 4569
1625 6445
1625 10041
1625 10143
1625 10855
1625 12362
1639 1640
1639 1641
1640 2522
1641 4790
1641 8606
1641 13701
1641 13855
1643 4460
1643 5474
1665 5066
1665 6562
1665 7017
1665 10041
1682 12533
1682 12541
1682 14122
1682 15024
1682 15519
1682 17548
1682 17977
1702 7318
1702 7992
1702 16789
1709 3865
1709 9117
1713 3050
1713 7580
1715 4799
1715 8202
1715 10444
1715 12297
1715 17669
1721 3091
1734 1735
1735 3897
1735 8518
1735 18144
1747 5480
1747 7568
1750 3164
1750 3713
1750 5066
1750 5171
1750 8606
1750 9477
1750 10041
1759 4056
1759 5112
1780 5066
1780 9729
1785 5064
1785 7874
1800 2561
1800 6049
1802 1803
1803 4776
1804 1805
1805 5758
1805 7095
1805 9053
1805 10803
1805 11005
1805 11428
1805 12221
1805 15252
1805 15512
1805 15948
1806 1807
1806 2894
1807 7539
1807 9569
1813 4853
1813 9251
1813 9594
1813 10129
1813 14227
1816 2894
1816 7032
1827 9140
1827 12089
1827 13929
1828 1830
1830 2144
1832 9663
1832 10820
1832 11170
1832 11506
1832 11915
1832 12200
1832 13390
1832 14049
1832 14221
1832 14260
1832 14777
1832 15069
1832 15754
1832 15986
1832 16409
1832 17080
1832 17588
1832 17597
1832 18245
1838 5066
1838 6664
1838 10972
1838 11189
1838 11493
1838 12452
1838 12704
1838 13083
1838 13908
1838 14662
1838 14792
1838 15010
1838 18169
1849 5066
1849 6445
1849 6985
1849 7015
1849 10012
1855 1859
1859 6335
1870 5556
1870 10120
1876 1877
1877 3815
1877 11032
1877 12167
1877 14930
1896 6050
1896 14674
1935 7600
1935 14265
1936 1937
1937 9051
1937 10034
1951 6856
1951 8251
1977 1978
1978 9991
1990 3700
1990 8963
1999 9876
1999 13950
2022 5125
2034 2882
2034 4612
2034 5173
2034 8898
2034 9064
2039 4984
2039 8394
2039 9672
2087 2088
2088 2322
2093 8518
2093 8533
2093 9577
2093 11391
2093 11981
2093 12401
2093 12487
2093 14271
2093 14943
2093 15435
2093 15920
2093 17400
2093 18144
2154 14394
2154 15043
2157 2158
2158 6256
2158 16771
2169 5556
2169 6560
2169 7119
2169 8590
2169 9049
2169 10113
2169 10120
2169 10130
2169 11115
2169 11807
2169 13096
2169 14617
2169 15896
2169 17245
2180 4988
2180 6121
2180 7008
2194 6140
2200 3976
2200 11124
2200 14588
2200 14599
2206 2207
2207 10725
2220 2221
2221 2289
2221 4988
2221 7278
2221 7445
2221 9215
2224 2226
2226 12555
2233 4251
2233 6522
2233 10620
2233 15512
2233 18570
2246 10803
2246 13701
2246 16243
2246 16609
2246 16664
2246 17491
2246 17596
2262 2522
2262 3677
2275 7858
2275 17784
2277 3209
2277 4239
2277 8591
2277 9117
2277 10404
2277 13024
2277 14291
2277 16848
2288 3626
2288 4460
2288 5363
2288 6904
2288 7715
2288 7917
2288 7980
2288 11762
2288 15299
2297 2757
2297 2968
2297 3914
2297 4862
2297 5139
2297 8892
2297 11981
2297 12827
2297 17783
2331 4034
2331 14279
2331 14785
2331 15534
2335 2336
2335 2337
2336 11606
2336 12448
2336 13181
2336 13226
2336 13965
2336 14207
2336 15271
2336 15460
2336 16738
2336 17351
2336 17788
2336 17826
2336 18162
2336 18338
2337 11113
2337 11331
2337 12144
2337 13482
2337 15219
2337 17166
2337 17168
2337 17968
2370 3953
2370 10708
2370 12009
2388 2389
2389 3202
2389 6712
2389 14099
2389 14785
2389 14828
2389 15395
2417 2418
2418 6825
2424 5321
2424 7357
2430 2431
2431 3543
2447 2449
2449 3580
2471 2757
2471 4994
2474 9663
2474 12393
2474 13126
2474 16759
2474 17398
2474 17627
2474 17849
2484 2781
2484 3219
2499 8566
2499 9731
2499 13755
2505 15412
2505 18175
2522 2575
2534 2535
2534 2536
2535 7008
2536 9702
2536 10003
2543 3645
2543 8348
2543 18273
2575 18541
2589 2590
2590 8192
2607 10889
2607 11259
2625 2627
2627 7323
2627 7642
2627 14406
2627 16265
2642 2643
2643 5485
2643 8616
2643 9987
2643 10972
2643 11266
2643 11450
2643 12073
2643 12297
2643 12506
2643 14971
2643 15120
2643 15334
2643 17400
2662 15784
2662 17822
2662 18328
2668 7746
2668 17102
2681 4843
2681 6652
2681 7342
2681 7559
2681 8757
2681 11240
2681 13848
2681 14863
2690 3007
2690 6077
2690 7356
2690 8490
2707 2708
2707 3330
2708 5597
2757 5618
2757 8506
2764 4318
2764 4585
2764 4729
2764 9141
2769 5965
2769 11543
2769 16620
2802 12870
2802 17341
2829 6550
2829 12416
2848 3284
2848 3536
2848 9051
2887 13328
2889 11201
2893 2894
2894 3109
2894 5066
2894 9638
2904 2908
2908 14828
2926 3183
2926 4791
2929 2930
2929 2931
2930 4417
2930 7145
2930 9378
2930 11189
2930 11647
2931 8453
2931 11450
2931 12401
2931 13911
2959 14728
2967 12995
2967 17534
2967 18273
2982 4014
2982 6200
2982 6600
2982 10187
2982 10446
2982 15963
3009 3010
3010 4796
3020 3022
3022 7769
3028 3033
3033 3162
3035 3036
3036 7031
3045 3046
3046 6652
3046 8313
3050 5046
3050 5572
3050 5758
3050 9960
3050 11115
3050 11303
3050 11322
3050 11506
3050 12446
3050 13096
3050 13223
3050 13637
3050 13913
3050 14777
3050 15131
3050 16365
3050 16409
3050 17398
3070 3676
3070 5004
3071 11925
3071 14267
3080 3897
3080 7060
3090 3091
3090 3092
3091 11450
3091 12585
3092 8533
3092 12185
3092 12251
3092 14660
3092 15601
3092 17764
3095 3651
3095 9106
3095 11201
3155 5427
3155 8614
3155 9919
3161 13303
3161 14021
3161 17413
3177 4812
3209 3212
3212 5253
3233 11311
3233 11519
3233 15889
3242 4160
3242 7353
3249 3363
3249 12095
3270 3676
3270 9677
3270 9760
3270 13138
3270 15517
3284 3285
3285 3972
3288 3289
3289 7015
3289 7466
3300 3301
3301 7646
3330 5469
3330 6282
3330 9239
3330 9310
3348 5033
3348 17072
3353 5380
3353 12974
3365 12759
3365 14940
3365 17047
3402 6981
3402 10427
3405 3406
3406 11896
3406 12159
3471 3472
3471 3473
3472 13205
3473 6815
3476 4035
3476 6210
3510 3515
3515 4997
3516 3517
3517 11670
3517 11805
3517 12832
3517 13228
3517 15608
3517 16406
3517 17179
3517 17871
3536 3538
3536 3539
3538 11381
3539 8165
3539 15012
3543 3545
3545 10975
3545 15328
3579 11647
3579 12342
3593 3594
3594 7763
3605 7262
3605 7980
3605 13755
3605 16347
3607 6712
3607 7679
3607 8123
3624 11537
3624 12135
3624 18037
3651 11493
3651 12750
3651 12905
3651 13879
3651 13882
3651 14240
3651 14715
3651 17666
3664 8086
3664 12825
3675 9064
3675 13010
3675 14845
3716 3717
3717 3914
3717 5206
3717 7898
3742 11579
3811 4141
3826 8384
3826 8616
3826 8898
3826 9760
3831 3832
3831 3833
3832 6325
3832 13701
3833 8063
3833 8123
3897 3900
3900 5843
3900 11452
3904 4639
3904 16225
3905 3906
3906 16861
3910 15787
3910 18176
3946 3947
3947 11450
3947 17124
3952 3953
4011 4012
4012 8868
4034 4035
4035 14845
4095 5158
4095 6794
4095 8273
4095 9402
4095 10809
4095 11410
4095 11545
4095 12028
4095 12596
4095 12713
4095 13083
4095 13302
4095 13482
4095 13535
4095 14276
4095 14720
4095 14748
4095 14780
4095 15523
4095 15673
4095 15782
4095 15927
4095 16587
4095 17179
4095 17484
4095 17834
4095 18051
4095 18146
4095 18472
4095 18576
4097 13138
4097 15204
4098 4100
4100 8606
4128 5206
4128 6007
4128 18176
4129 4130
4129 4131
4130 12004
4130 16358
4131 8709
4134 4135
4135 14988
4140 4141
4141 6853
4160 10013
4160 10835
4160 10842
4193 10800
4193 12084
4193 12383
4193 14272
4193 15914
4193 17548
4193 17596
4193 17977
4220 4221
4241 4243
4241 4244
4243 9791
4243 12828
4244 6762
4258 5352
4258 9190
4321 4535
4321 5206
4321 6314
4321 6771
4321 14372
4321 15539
4385 5623
4385 9729
4417 4418
4417 4420
4418 6708
4420 14308
4424 4425
4425 12541
4537 5066
4537 8694
4537 13755
4545 5206
4545 16915
4545 18169
4566 5820
4566 7380
4566 7915
4566 9538
4571 4572
4571 4574
4572 16996
4574 16358
4584 10955
4584 11322
4584 14124
4584 15059
4584 15541
4584 15744
4584 16409
4584 17413
4584 18243
4604 4605
4605 8787
4605 9234
4605 16800
4622 4623
4623 6391
4649 10842
4649 12578
4719 14097
4722 4725
4725 17666
4731 5321
4796 4797
4797 11263
4811 4812
4812 5223
4812 12863
4812 14204
4812 15920
4812 16253
4812 16800
4812 18144
4814 6782
4814 14087
4823 4824
4824 5782
4826 4827
4827 9532
4908 5413
4908 10506
4983 7175
5053 11154
5064 5065
5065 9580
5066 5067
5066 5069
5067 6915
5067 7751
5069 10163
5094 5095
5095 5743
5095 8701
5125 7390
5171 5172
5172 15802
5173 5174
5173 6221
5174 15325
5174 17784
5177 5178
5178 5691
5211 5212
5212 11076
5212 11129
5212 14041
5212 14678
5253 5254
5254 9141
5254 16385
5264 5265
5265 8963
5273 5274
5274 9042
5283 9987
5283 15821
5292 5293
5337 10427
5337 10946
5337 11775
5337 12140
5337 14112
5337 14261
5337 15043
5432 15522
5432 17836
5506 6922
5506 9022
5512 5513
5513 5752
5549 5550
5550 8707
5550 16699
5550 17610
5556 5557
5557 8569
5617 5618
5618 7256
5618 8744
5618 8752
5684 5685
5685 8634
5717 5718
5718 14091
5743 5895
5787 7675
5787 9140
5787 11222
5868 11201
5895 5938
5895 5965
5895 8066
5895 10528
5931 11115
5931 12774
5931 13390
5931 16355
5931 17352
5931 17821
5965 7175
5965 10825
6005 6006
6006 13608
6102 14940
6102 16771
6164 6165
6165 17866
6210 12779
6219 6221
6221 10275
6221 10809
6221 10976
6221 11092
6221 11129
6221 11331
6221 11747
6221 12064
6221 12073
6221 12079
6221 12448
6221 12791
6221 13082
6221 13099
6221 13699
6221 13759
6221 13895
6221 15314
6221 15330
6221 15687
6221 16247
6221 17183
6221 17642
6221 17771
6224 10201
6265 6267
6267 10041
6267 17642
6272 6275
6275 16484
6293 10946
6293 12276
6293 12297
6293 12401
6293 12741
6293 14220
6293 16921
6293 17229
6293 17446
6360 11154
6401 6404
6404 12092
6404 17577
6428 6442
6442 9736
6494 6495
6495 7008
6495 7992
6635 6636
6636 6857
6657 6658
6657 6659
6658 17596
6659 10803
6677 6678
6678 9803
6762 6763
6763 17097
6771 7175
6794 11221
6794 14663
6856 11036
6857 6859
6859 9731
6860 6862
6862 8490
6862 9960
6922 6923
6923 7119
6981 6982
6982 7384
7031 7032
7034 7035
7035 16451
7119 7120
7119 10198
7120 7576
7120 9415
7120 10113
7120 10120
7129 7130
7130 13213
7163 13486
7175 10368
7175 10725
7175 10977
7175 11070
7175 11081
7175 11198
7175 11493
7175 11548
7175 11702
7175 12021
7175 12134
7175 12622
7175 12741
7175 12981
7175 13054
7175 13135
7175 13302
7175 13597
7175 14574
7175 14710
7175 14752
7175 14828
7175 14936
7175 15011
7175 15234
7175 15673
7175 16406
7175 16716
7175 16878
7175 17416
7175 17536
7175 17939
7175 18093
7175 18274
7175 18570
7280 11144
7280 12109
7280 14702
7288 13861
7288 16969
7318 7319
7319 9731
7422 8369
7422 17738
7445 7446
7445 13755
7446 7552
7466 10201
7552 7553
7552 7554
7553 13755
7554 17300
7576 7578
7578 17484
7580 11393
7580 11569
7580 14139
7580 17642
7636 7637
7637 9256
7646 7648
7648 12870
7746 7747
7747 17102
7812 9019
7812 12601
7902 7904
7904 11816
7992 7994
7994 15698
8055 8056
8056 16738
8070 8071
8071 9258
8071 12446
8167 13895
8167 17981
8167 18299
8186 8634
8186 14828
8348 8506
8435 8436
8436 16449
8436 16759
8436 17597
8437 8438
8438 9333
8490 8492
8492 12109
8492 15080
8492 15395
8767 8771
8771 14185
8887 8888
8888 17554
8933 15593
8933 15891
9051 12114
9064 9066
9066 12008
9066 14029
9066 14111
9106 11692
9133 11493
9133 14271
9133 16253
9133 17422
9227 9228
9227 9229
9228 12082
9229 11180
9229 11961
9229 13848
9229 17469
9229 18245
9350 9351
9351 10034
9391 11762
9391 14141
9529 9975
9663 10632
9859 11006
9859 11461
9975 14185
10012 10013
10016 14152
10016 17252
10113 10198
10632 13390
10632 13997
10632 14221
10632 15986
10632 17597
10708 10794
10725 10825
10792 10820
10792 17194
10793 10973
10793 10974
10796 10797
10797 13603
10800 10801
10801 13604
10804 11164
10809 10810
10810 13627
10810 13908
10810 18146
10818 13637
10818 16241
10818 16247
10825 11519
10825 11545
10825 11620
10825 12295
10825 13243
10825 14563
10825 16987
10825 16988
10825 17166
10825 17271
10825 17581
10825 17660
10835 16803
10867 13759
10867 13879
10867 17163
10867 17277
10881 14777
10881 15296
10881 16830
10889 12134
10889 12631
10889 17668
10892 10893
10892 11201
10895 14372
10895 17151
10914 10915
10915 12025
10915 13303
10942 10943
10943 14099
10955 10957
10957 11977
10957 14030
10957 15131
10957 16797
10957 16996
10957 17627
10966 11807
10966 15391
10973 11839
10974 14680
10977 10978
10978 11195
10978 11313
10978 11948
10978 12064
10978 13650
10978 14220
10978 14276
10978 15011
10978 15368
10978 17847
11005 11006
11006 11070
11006 11620
11006 11805
11006 11856
11006 14445
11006 14734
11006 15123
11006 15784
11006 15821
11006 16643
11006 16762
11017 13302
11017 14536
11017 15927
11017 17834
11036 11195
11036 11406
11036 12008
11036 12021
11036 12596
11036 14572
11036 15571
11036 16587
11036 16878
11036 17416
11036 17422
11036 17668
11036 17822
11046 14656
11046 16921
11046 17400
11060 11061
11060 11062
11060 11063
11061 11782
11061 16409
11062 11782
11062 13779
11062 13997
11062 14043
11062 14221
11062 15824
11062 16409
11062 17116
11063 17116
11076 13328
11081 11082
11082 14489
11082 14873
11082 17536
11094 12082
11094 16241
11115 11358
11138 11343
11138 11649
11138 16248
11154 14261
11164 12064
11164 16940
11164 17308
11170 11171
11171 11369
11171 14637
11171 15541
11171 15856
11171 16357
11171 17047
11171 17068
11201 11266
11201 11496
11201 11560
11201 12004
11201 12579
11201 12759
11201 13011
11201 13285
11201 13977
11201 14662
11201 14719
11201 15334
11201 16438
11201 16528
11201 16921
11201 17561
11201 17764
11201 17871
11201 18169
11206 12337
11206 12692
11221 12004
11240 11241
11241 13228
11241 14768
11241 17836
11254 11255
11255 15314
11259 13433
11259 17890
11259 18093
11266 13341
11284 12631
11284 15636
11284 16471
11284 16733
11284 17151
11284 17585
11317 11769
11317 12671
11317 15413
11343 11344
11343 11358
11344 14777
11357 11358
11358 11649
11358 12082
11358 17285
11385 14779
11385 15368
11385 18051
11410 11411
11411 14207
11411 15784
11411 17561
11411 17939
11411 17976
11411 18379
11450 11451
11451 17400
11461 12185
11461 12295
11461 13608
11461 14389
11493 11494
11493 11495
11494 14574
11494 14680
11495 13083
11495 14112
11495 14261
11540 11541
11541 12472
11541 12533
11541 13243
11541 14979
11541 15319
11566 12587
11566 14209
11573 12981
11573 13332
11575 12095
11575 12352
11575 12378
11575 15608
11575 17890
11579 11586
11579 11769
11579 12900
11579 15064
11579 15240
11579 17496
11586 11587
11687 12362
11687 14030
11691 11839
11691 12832
11691 16762
11709 14444
11709 14505
11709 14895
11709 16244
11720 16385
11720 16848
11818 15131
11818 17080
11822 11823
11823 13779
11823 17285
11859 11860
11860 16319
11921 14602
11921 17786
11925 12011
11925 13158
11925 13762
11925 17194
11948 11950
11950 17915
12004 13328
12008 12009
12009 17194
12011 12012
12012 14780
12012 15211
12012 15260
12012 17205
12086 12579
12086 16438
12114 12713
12123 13285
12144 13856
12263 12264
12264 12579
12264 15406
12264 18146
12347 15219
12347 17209
12378 12379
12379 17419
12490 12983
12490 16409
12494 13807
12494 14572
12555 12556
12556 16789
12578 16549
12579 13328
12671 13558
12689 15553
12804 15353
12804 15569
12804 18216
12894 13486
12905 13328
12948 13158
12948 13861
12948 17411
12995 12996
12996 13061
13083 13328
13135 13136
13136 14945
13143 13513
13223 13224
13224 13779
13226 13227
13227 13285
13328 13856
13328 14337
13328 15152
13328 16438
13328 17661
13328 17871
13328 18338
13328 18375
13328 18570
13341 13487
13341 15901
13341 16438
13513 18090
13558 13604
13565 14354
13565 16225
13762 15945
13807 13808
13808 17183
13842 13846
13846 17423
13848 15958
13941 15799
13941 18202
14087 14088
14088 15580
14097 17925
14122 14123
14123 17391
14207 15991
14217 14219
14219 15150
14267 16355
14267 17968
14283 14284
14284 14524
14296 15799
14296 17047
14412 16244
14412 17783
14505 14506
14506 16319
14662 14663
14663 18375
14728 15991
14741 14742
14741 14743
14742 17177
14743 17177
14936 14937
14937 17581
15152 15153
15153 16265
15519 15520
15520 15914
15553 17585
15821 15822
15822 16652
15945 17168
15958 17669
15991 18472
16374 18410
16551 16552
16552 17426
17649 18410
