4 0
10 0
15 0
18 0
20 0
23 0
25 0
35 0
51 0
58 0
83 0
89 0
112 0
114 1
140 1
163 1
183 0
199 0
207 0
214 0
218 0
222 0
226 0
231 0
238 0
246 0
250 0
260 0
284 0
290 0
295 1
306 0
313 0
315 0
328 0
355 0
365 0
366 0
377 0
382 1
408 0
418 1
429 1
445 0
447 0
459 0
493 0
508 0
516 0
523 0
532 0
551 0
559 0
566 0
570 0
580 0
581 1
587 1
591 0
603 1
611 0
622 0
637 1
641 0
661 0
671 0
684 0
691 1
703 1
709 0
725 0
730 0
735 0
744 0
751 0
752 1
753 1
761 0
764 1
801 0
813 1
814 0
824 0
841 0
851 0
859 0
899 0
909 0
919 0
922 0
950 0
960 0
974 0
977 0
990 0
994 0
1007 0
1031 0
1034 1
1036 0
1041 0
1044 0
1045 0
1056 1
1072 1
1089 0
1092 1
1098 0
1100 0
1103 0
1135 0
1144 1
1145 0
1160 0
1166 1
1169 1
1190 0
1193 1
1215 0
1219 0
1221 0
1245 0
1250 0
1257 1
1269 0
1282 0
1289 0
1294 0
1326 0
1331 0
1334 0
1351 0
1355 0
1394 0
1402 1
1417 0
1433 1
1440 1
1442 0
1445 0
1493 0
1533 0
1541 0
1543 0
1547 0
1569 0
1573 1
1578 0
1592 0
1595 0
1596 0
1612 0
1616 0
1623 0
1638 0
1639 0
1644 0
1648 0
1668 0
1696 1
1697 1
1704 0
1713 1
1721 1
1722 0
1729 0
1734 0
1761 0
1801 0
1802 0
1804 0
1806 0
1816 1
1822 0
1828 0
1855 0
1876 0
1894 0
1902 0
1908 0
1919 0
1925 0
1936 0
1955 0
1963 0
1977 0
2022 1
2087 0
2107 1
2115 0
2117 0
2119 0
2120 0
2137 0
2141 0
2144 0
2156 1
2157 0
2186 0
2204 0
2206 0
2210 1
2220 0
2224 0
2238 0
2239 0
2243 0
2248 0
2271 0
2289 0
2322 0
2335 0
2360 0
2368 0
2370 1
2388 0
2396 0
2397 0
2411 0
2417 0
2421 0
2428 0
2430 0
2440 0
2447 0
2475 0
2506 0
2521 0
2522 1
2534 0
2538 0
2541 0
2561 0
2573 0
2587 0
2589 0
2607 1
2613 0
2625 0
2631 1
2636 0
2642 0
2650 0
2690 1
2691 0
2694 0
2707 0
2724 0
2732 0
2744 0
2757 1
2781 0
2790 0
2836 0
2882 0
2887 1
2889 1
2893 0
2904 0
2927 0
2929 0
2963 0
2964 0
2968 0
2990 0
3007 0
3009 0
3020 0
3028 0
3035 0
3045 0
3058 0
3066 0
3067 0
3071 1
3087 0
3090 0
3093 0
3095 1
3107 0
3109 0
3112 0
3117 0
3139 0
3162 1
3164 0
3167 0
3177 1
3183 0
3194 0
3197 1
3202 0
3209 0
3219 0
3220 0
3221 0
3266 0
3284 0
3288 0
3299 0
3300 0
3309 0
3338 0
3339 0
3363 0
3367 0
3388 0
3405 0
3412 0
3439 1
3443 0
3471 0
3476 1
3497 0
3510 0
3516 0
3523 0
3536 0
3543 0
3555 0
3580 0
3587 0
3593 0
3618 1
3626 0
3645 0
3656 0
3676 0
3677 0
3700 0
3710 0
3713 0
3715 0
3716 0
3732 0
3737 0
3742 1
3778 0
3797 0
3804 1
3811 1
3815 1
3827 0
3831 0
3858 1
3865 1
3894 0
3896 0
3897 0
3902 0
3905 0
3913 0
3914 0
3930 0
3946 0
3952 0
3964 0
3969 0
3971 0
3972 0
3976 0
3988 0
4011 0
4014 0
4027 1
4032 0
4034 1
4041 1
4055 0
4056 0
4070 1
4098 0
4102 0
4129 0
4134 0
4140 0
4148 0
4160 1
4194 0
4220 0
4221 0
4228 0
4239 0
4241 0
4277 0
4318 0
4319 0
4323 0
4326 0
4344 0
4347 0
4366 1
4370 0
4374 0
4409 0
4416 0
4417 0
4424 0
4432 1
4460 0
4464 0
4495 1
4498 0
4499 0
4504 1
4510 1
4535 0
4558 0
4569 0
4571 0
4576 0
4585 0
4594 1
4595 1
4604 0
4609 0
4612 0
4639 0
4649 1
4666 1
4675 0
4719 1
4722 0
4729 0
4730 0
4733 0
4740 1
4775 0
4776 0
4790 0
4791 0
4796 0
4799 0
4811 0
4823 0
4826 0
4843 0
4853 0
4862 0
4866 0
4951 0
4979 0
4980 0
4983 1
4984 1
4988 0
4994 0
4996 1
4997 0
5004 1
5033 0
5037 0
5040 0
5046 1
5048 0
5053 1
5062 0
5064 0
5066 0
5072 0
5086 0
5089 0
5092 1
5094 0
5110 1
5112 1
5126 1
5139 0
5147 0
5154 0
5158 1
5169 0
5171 0
5173 1
5177 0
5192 0
5197 0
5204 0
5206 1
5211 0
5223 0
5233 1
5237 0
5241 0
5253 0
5264 0
5273 0
5284 0
5292 0
5293 1
5312 0
5321 0
5329 1
5351 0
5352 0
5353 0
5363 0
5380 0
5394 1
5413 0
5427 0
5447 0
5454 0
5455 0
5469 1
5474 0
5480 0
5484 0
5485 0
5490 0
5504 0
5512 0
5539 0
5549 0
5556 0
5561 0
5565 0
5572 0
5582 0
5597 0
5617 0
5623 0
5653 0
5679 0
5684 0
5691 0
5703 0
5714 0
5717 0
5736 0
5743 0
5752 1
5758 1
5779 0
5782 0
5814 0
5817 0
5820 0
5833 0
5843 1
5849 0
5868 1
5938 1
5965 1
6003 1
6005 0
6007 0
6013 0
6016 0
6017 1
6040 0
6049 0
6050 0
6073 0
6077 0
6097 0
6103 0
6121 0
6133 0
6140 1
6164 0
6166 1
6192 1
6200 0
6212 0
6219 0
6224 0
6226 1
6231 0
6237 0
6247 1
6256 0
6265 0
6272 0
6280 0
6282 1
6298 1
6300 0
6302 0
6314 0
6321 1
6325 0
6329 0
6335 0
6339 0
6349 0
6350 0
6352 0
6360 1
6377 0
6391 0
6401 0
6428 0
6445 0
6479 0
6494 0
6522 0
6528 0
6534 0
6546 0
6550 0
6560 0
6562 0
6580 0
6582 1
6586 0
6590 1
6600 0
6603 0
6635 0
6637 0
6652 0
6655 0
6657 0
6660 0
6664 1
6668 0
6677 0
6708 0
6712 0
6719 0
6723 0
6762 0
6771 1
6782 0
6794 1
6815 0
6825 0
6853 0
6855 0
6856 1
6857 0
6860 0
6904 0
6915 0
6922 0
6930 0
6933 0
6934 0
6948 0
6958 0
6981 0
6985 0
6994 0
7007 1
7008 0
7015 0
7017 0
7031 0
7034 0
7058 0
7060 0
7078 0
7095 0
7111 0
7117 1
7119 0
7129 0
7138 0
7141 0
7143 0
7145 0
7151 0
7163 1
7185 0
7196 0
7197 0
7256 0
7262 0
7275 0
7278 0
7293 0
7303 0
7318 0
7323 0
7342 0
7353 0
7355 0
7356 0
7357 0
7358 1
7368 0
7376 0
7380 0
7384 0
7390 0
7419 0
7439 0
7445 0
7457 0
7462 0
7464 0
7466 1
7476 0
7487 0
7524 0
7531 0
7538 1
7539 1
7552 0
7559 0
7568 0
7576 0
7583 0
7600 0
7616 0
7636 0
7642 0
7646 0
7664 1
7675 0
7679 0
7694 1
7704 0
7709 0
7713 0
7715 0
7720 0
7746 0
7751 0
7763 0
7767 0
7769 0
7781 0
7796 0
7821 0
7845 0
7849 0
7858 0
7874 0
7886 0
7897 0
7898 0
7902 0
7905 0
7915 0
7917 0
7956 0
7979 0
7980 0
7992 0
7999 1
8042 0
8055 0
8063 0
8066 0
8070 0
8086 0
8109 0
8121 0
8123 0
8165 0
8175 0
8190 0
8192 0
8194 0
8202 0
8227 0
8234 0
8235 0
8251 0
8263 0
8273 1
8291 0
8313 0
8328 0
8348 1
8364 0
8369 0
8384 1
8392 0
8394 0
8423 0
8435 0
8437 0
8446 0
8453 0
8458 0
8460 0
8461 0
8490 0
8503 0
8517 0
8518 0
8533 0
8542 0
8546 0
8548 0
8551 0
8566 0
8569 0
8573 0
8585 1
8590 0
8591 0
8606 0
8614 0
8616 0
8634 0
8642 0
8674 0
8686 0
8691 0
8694 0
8701 0
8705 0
8707 0
8709 0
8719 0
8744 0
8752 0
8757 0
8767 0
8791 0
8803 0
8805 0
8806 0
8844 0
8846 0
8847 1
8868 0
8870 0
8887 0
8892 0
8895 0
8898 0
8917 0
8935 0
8947 0
8956 0
8963 0
8965 0
8998 0
9006 0
9019 0
9022 0
9025 0
9034 0
9042 0
9049 0
9051 1
9053 1
9064 0
9071 0
9085 0
9091 0
9098 0
9107 0
9117 0
9121 0
9130 0
9140 0
9141 0
9190 0
9195 0
9198 0
9202 0
9215 0
9220 0
9227 0
9234 0
9239 0
9251 0
9256 0
9258 0
9259 0
9282 1
9287 0
9289 0
9308 0
9309 0
9310 0
9314 0
9317 0
9322 0
9323 0
9327 0
9333 1
9350 0
9358 0
9374 0
9378 0
9387 0
9389 0
9392 0
9401 1
9402 0
9408 0
9415 0
9452 0
9459 0
9462 0
9477 0
9494 0
9512 0
9517 0
9528 0
9529 0
9532 0
9538 0
9541 0
9565 0
9569 0
9571 0
9577 0
9580 0
9590 0
9594 1
9600 0
9616 1
9638 0
9657 0
9663 0
9672 1
9677 0
9690 0
9702 0
9726 0
9729 0
9731 0
9736 0
9744 0
9760 0
9766 1
9768 1
9775 0
9786 0
9790 0
9791 0
9796 0
9803 0
9818 0
9859 1
9862 0
9870 0
9876 0
9892 0
9914 0
9919 0
9948 0
9955 0
9960 0
9969 0
9987 0
9991 0
9995 0
10003 0
10012 0
10026 1
10034 0
10041 0
10063 0
10078 0
10087 0
10111 0
10113 0
10120 0
10129 0
10142 1
10143 0
10146 0
10157 0
10163 0
10167 0
10170 0
10171 1
10187 0
10275 1
10304 0
10368 0
10404 0
10406 0
10427 1
10444 0
10446 0
10502 0
10505 0
10506 0
10511 0
10528 0
10620 0
10725 1
10794 1
10796 1
10800 1
10803 1
10804 1
10809 1
10814 1
10820 1
10855 1
10867 1
10883 1
10889 1
10892 1
10893 1
10914 1
10916 1
10941 1
10942 1
10946 1
10955 1
10972 1
10975 1
10976 1
10977 1
10992 1
11005 1
11032 1
11060 1
11070 1
11071 1
11076 1
11081 1
11090 1
11092 1
11113 1
11115 1
11116 1
11123 1
11124 1
11129 1
11144 1
11157 1
11170 1
11180 1
11189 1
11191 1
11195 1
11198 1
11222 1
11232 1
11240 1
11254 1
11260 1
11263 1
11266 1
11301 1
11303 1
11309 1
11311 1
11313 1
11322 1
11325 1
11331 1
11343 1
11357 1
11369 1
11381 1
11387 1
11391 1
11393 1
11402 1
11406 1
11410 1
11428 1
11439 1
11449 1
11450 1
11452 1
11466 1
11477 1
11483 1
11493 1
11496 1
11500 1
11519 1
11537 1
11540 1
11543 1
11545 1
11548 1
11560 1
11569 1
11586 1
11605 1
11606 1
11620 1
11647 1
11648 1
11649 1
11670 1
11682 1
11683 1
11692 1
11702 1
11718 1
11747 1
11762 1
11769 1
11770 1
11775 1
11782 1
11787 1
11805 1
11806 1
11807 1
11816 1
11822 1
11839 1
11854 1
11856 1
11859 1
11891 1
11896 1
11899 1
11919 1
11926 1
11927 1
11948 1
11961 1
11977 1
11981 1
11991 1
12004 1
12008 1
12011 1
12015 1
12021 1
12025 1
12028 1
12051 1
12064 1
12073 1
12079 1
12082 1
12084 1
12089 1
12090 1
12092 1
12095 1
12104 1
12109 1
12134 1
12135 1
12138 1
12140 1
12144 1
12155 1
12159 1
12167 1
12173 1
12180 1
12184 1
12185 1
12200 1
12221 1
12235 1
12248 1
12251 1
12263 1
12266 1
12276 1
12286 1
12295 1
12297 1
12301 1
12336 1
12337 1
12342 1
12352 1
12358 1
12362 1
12366 1
12378 1
12383 1
12390 1
12393 1
12401 1
12416 1
12424 1
12446 1
12448 1
12452 1
12472 1
12486 1
12487 1
12506 1
12515 1
12533 1
12541 1
12555 1
12574 1
12579 1
12585 1
12587 1
12589 1
12593 1
12596 1
12601 1
12610 1
12615 1
12616 1
12622 1
12631 1
12652 1
12671 1
12689 1
12692 1
12704 1
12713 1
12741 1
12750 1
12759 1
12763 1
12768 1
12774 1
12775 1
12779 1
12791 1
12796 1
12802 1
12825 1
12827 1
12828 1
12830 1
12836 1
12846 1
12863 1
12870 1
12882 1
12894 1
12900 1
12905 1
12908 1
12912 1
12915 1
12940 1
12945 1
12974 1
12981 1
12995 1
13006 1
13010 1
13011 1
13018 1
13029 1
13040 1
13054 1
13061 1
13076 1
13082 1
13083 1
13092 1
13093 1
13096 1
13099 1
13113 1
13126 1
13138 1
13143 1
13148 1
13158 1
13166 1
13181 1
13205 1
13213 1
13223 1
13226 1
13228 1
13243 1
13272 1
13282 1
13284 1
13285 1
13302 1
13303 1
13332 1
13340 1
13390 1
13433 1
13482 1
13487 1
13505 1
13535 1
13591 1
13597 1
13603 1
13604 1
13608 1
13627 1
13631 1
13637 1
13641 1
13650 1
13686 1
13699 1
13701 1
13702 1
13747 1
13755 1
13759 1
13762 1
13763 1
13773 1
13779 1
13807 1
13823 1
13842 1
13847 1
13848 1
13855 1
13856 1
13861 1
13879 1
13882 1
13884 1
13895 1
13908 1
13911 1
13913 1
13916 1
13919 1
13921 1
13929 1
13932 1
13936 1
13950 1
13965 1
13969 1
13973 1
13975 1
13977 1
13997 1
14012 1
14021 1
14029 1
14030 1
14041 1
14043 1
14045 1
14049 1
14065 1
14070 1
14082 1
14087 1
14091 1
14099 1
14104 1
14111 1
14112 1
14122 1
14124 1
14137 1
14139 1
14141 1
14147 1
14150 1
14152 1
14164 1
14168 1
14173 1
14185 1
14204 1
14207 1
14208 1
14209 1
14217 1
14220 1
14221 1
14227 1
14240 1
14260 1
14261 1
14265 1
14271 1
14272 1
14274 1
14276 1
14279 1
14283 1
14287 1
14291 1
14308 1
14329 1
14335 1
14337 1
14354 1
14368 1
14372 1
14389 1
14394 1
14406 1
14444 1
14445 1
14457 1
14459 1
14489 1
14499 1
14500 1
14502 1
14505 1
14524 1
14526 1
14536 1
14543 1
14561 1
14563 1
14565 1
14572 1
14574 1
14588 1
14589 1
14598 1
14599 1
14602 1
14607 1
14617 1
14637 1
14656 1
14660 1
14662 1
14674 1
14678 1
14680 1
14687 1
14702 1
14708 1
14710 1
14715 1
14719 1
14720 1
14728 1
14733 1
14734 1
14748 1
14752 1
14757 1
14767 1
14768 1
14777 1
14779 1
14780 1
14781 1
14785 1
14792 1
14809 1
14819 1
14828 1
14845 1
14856 1
14857 1
14863 1
14873 1
14881 1
14895 1
14904 1
14930 1
14936 1
14940 1
14943 1
14945 1
14979 1
14987 1
14988 1
14993 1
15006 1
15010 1
15011 1
15012 1
15024 1
15043 1
15059 1
15064 1
15069 1
15080 1
15087 1
15104 1
15111 1
15120 1
15123 1
15131 1
15143 1
15150 1
15152 1
15161 1
15162 1
15171 1
15173 1
15185 1
15204 1
15211 1
15212 1
15219 1
15221 1
15234 1
15237 1
15240 1
15252 1
15260 1
15262 1
15267 1
15271 1
15276 1
15296 1
15299 1
15305 1
15310 1
15314 1
15319 1
15320 1
15325 1
15328 1
15330 1
15334 1
15342 1
15344 1
15353 1
15366 1
15368 1
15378 1
15381 1
15389 1
15391 1
15395 1
15406 1
15412 1
15413 1
15428 1
15435 1
15438 1
15445 1
15447 1
15460 1
15491 1
15512 1
15517 1
15519 1
15522 1
15523 1
15530 1
15534 1
15539 1
15541 1
15569 1
15571 1
15580 1
15590 1
15593 1
15599 1
15601 1
15608 1
15622 1
15636 1
15670 1
15673 1
15677 1
15679 1
15687 1
15698 1
15744 1
15751 1
15754 1
15771 1
15778 1
15782 1
15787 1
15798 1
15799 1
15812 1
15814 1
15819 1
15821 1
15824 1
15837 1
15839 1
15856 1
15868 1
15881 1
15882 1
15885 1
15889 1
15891 1
15896 1
15901 1
15914 1
15920 1
15927 1
15948 1
15963 1
15980 1
15986 1
16225 1
16227 1
16232 1
16234 1
16236 1
16241 1
16243 1
16244 1
16247 1
16248 1
16253 1
16265 1
16267 1
16268 1
16305 1
16311 1
16319 1
16320 1
16347 1
16349 1
16355 1
16357 1
16358 1
16365 1
16374 1
16376 1
16385 1
16390 1
16406 1
16408 1
16409 1
16424 1
16426 1
16438 1
16446 1
16449 1
16451 1
16455 1
16467 1
16471 1
16484 1
16508 1
16522 1
16527 1
16528 1
16549 1
16551 1
16587 1
16589 1
16609 1
16620 1
16626 1
16643 1
16652 1
16664 1
16693 1
16699 1
16716 1
16733 1
16738 1
16754 1
16759 1
16762 1
16771 1
16789 1
16797 1
16798 1
16800 1
16803 1
16823 1
16830 1
16848 1
16861 1
16863 1
16870 1
16878 1
16881 1
16914 1
16915 1
16921 1
16940 1
16962 1
16969 1
16978 1
16987 1
16988 1
16996 1
17047 1
17068 1
17072 1
17079 1
17080 1
17097 1
17102 1
17116 1
17124 1
17134 1
17142 1
17151 1
17159 1
17163 1
17166 1
17168 1
17179 1
17183 1
17187 1
17194 1
17205 1
17206 1
17209 1
17210 1
17229 1
17242 1
17243 1
17244 1
17245 1
17252 1
17271 1
17277 1
17285 1
17292 1
17300 1
17308 1
17330 1
17341 1
17351 1
17352 1
17355 1
17391 1
17398 1
17400 1
17411 1
17413 1
17419 1
17422 1
17423 1
17426 1
17446 1
17462 1
17469 1
17472 1
17484 1
17488 1
17491 1
17496 1
17506 1
17534 1
17536 1
17548 1
17554 1
17561 1
17566 1
17568 1
17577 1
17581 1
17585 1
17588 1
17596 1
17597 1
17600 1
17607 1
17608 1
17610 1
17612 1
17625 1
17627 1
17642 1
17649 1
17660 1
17661 1
17666 1
17668 1
17669 1
17682 1
17700 1
17706 1
17708 1
17711 1
17738 1
17764 1
17767 1
17771 1
17783 1
17784 1
17786 1
17788 1
17821 1
17822 1
17826 1
17834 1
17836 1
17847 1
17849 1
17866 1
17871 1
17890 1
17915 1
17918 1
17925 1
17930 1
17939 1
17950 1
17965 1
17968 1
17975 1
17976 1
17977 1
17981 1
17983 1
18012 1
18016 1
18018 1
18037 1
18051 1
18090 1
18093 1
18094 1
18144 1
18146 1
18169 1
18175 1
18176 1
18177 1
18202 1
18216 1
18228 1
18239 1
18241 1
18242 1
18243 1
18245 1
18273 1
18274 1
18289 1
18299 1
18321 1
18325 1
18328 1
18338 1
18355 1
18375 1
18379 1
18393 1
18472 1
18541 1
18570 1
